1000 50
43 93
44 108
8 38
17 56
37 39
31 58
50 116
47 109
15 17
24 43
30 53
46 71
42 52
36 90
34 49
28 88
22 55
47 108
11 12
13 43
6 9
22 52
50 93
30 66
25 44
50 136
45 68
47 83
11 39
41 95
31 82
43 50
33 106
28 86
30 91
28 71
26 56
47 128
49 100
17 56
13 20
27 65
36 84
45 139
23 47
29 47
19 43
7 15
15 24
36 99
19 62
46 113
17 46
18 29
23 50
13 31
43 68
39 75
21 46
25 60
9 38
10 36
19 46
33 73
34 61
40 87
22 30
7 36
8 31
45 93
8 1
29 56
12 33
5 18
28 74
26 55
25 46
26 62
49 60
34 108
20 24
36 77
32 63
18 27
49 116
50 134
25 47
38 113
42 95
27 80
38 84
41 110
49 113
6 1
17 32
16 49
38 77
43 46
29 67
36 90
49 74
25 65
9 12
44 75
6 32
12 18
28 37
40 74
17 55
8 37
9 20
35 100
37 39
25 20
33 96
6 24
18 33
42 89
50 69
18 26
46 65
11 26
39 97
48 135
49 110
42 117
31 87
31 50
48 108
16 27
32 105
50 95
44 65
30 62
39 108
8 14
13 10
28 65
33 70
21 47
15 22
45 90
25 67
28 63
46 77
48 98
18 11
28 66
39 83
16 43
33 89
40 103
14 27
26 72
14 13
36 76
41 71
13 45
19 19
49 93
20 25
12 22
17 46
48 138
12 34
16 40
16 40
19 45
13 33
47 75
11 27
41 121
45 87
38 80
34 90
18 27
12 27
46 103
17 46
18 57
33 84
12 1
8 5
36 60
22 58
19 34
20 58
32 80
48 98
22 50
27 64
38 80
35 92
21 46
19 60
45 117
31 62
25 43
49 79
31 50
38 66
42 100
8 9
41 113
36 79
40 128
44 104
11 14
38 69
10 17
24 38
37 83
32 111
14 49
41 75
38 74
26 77
8 35
30 57
14 41
27 72
23 60
21 28
17 32
34 72
12 11
18 46
42 100
35 89
6 22
40 103
37 73
21 24
31 43
29 50
44 122
9 34
31 66
38 95
18 46
41 59
14 35
5 13
47 77
29 58
43 111
7 16
46 84
32 63
26 44
25 68
34 77
25 69
50 83
29 31
50 96
19 33
48 118
46 142
18 47
25 52
49 158
48 93
25 61
39 85
39 86
34 80
38 100
29 46
37 85
43 96
38 120
7 29
7 19
14 42
45 120
41 59
26 53
17 28
8 8
15 42
50 128
12 17
47 79
12 30
38 95
50 64
30 79
20 77
29 73
19 60
30 79
42 78
47 108
40 113
18 59
14 13
33 91
25 31
9 27
13 37
21 43
24 36
11 33
25 29
39 110
28 77
44 78
41 97
50 107
36 68
36 86
42 77
29 79
12 29
47 136
30 96
23 66
45 124
39 77
9 17
48 108
15 19
44 64
11 37
44 87
48 113
28 57
20 38
16 51
5 1
9 26
36 89
25 19
47 101
18 49
44 95
41 54
14 23
41 85
35 89
34 41
34 103
26 72
26 29
6 11
31 52
8 10
44 117
41 128
5 22
29 97
22 39
34 72
17 34
39 114
36 80
24 57
20 25
5 4
23 44
28 42
6 20
27 57
17 23
34 67
24 41
9 30
24 55
12 24
21 35
46 85
7 23
19 41
38 87
24 25
40 70
47 113
8 22
37 63
42 117
17 53
49 138
46 102
42 99
11 29
41 91
44 104
35 60
33 101
50 134
40 89
46 135
14 46
8 21
33 67
47 142
7 16
47 68
19 32
19 52
17 44
31 92
18 51
14 41
18 27
27 78
29 63
10 39
33 63
31 68
11 28
28 93
15 57
25 56
47 76
26 33
21 70
29 76
8 21
32 60
25 62
35 96
46 125
42 82
9 32
39 63
5 1
50 81
38 45
21 16
32 73
26 46
14 51
27 41
12 1
43 79
33 101
12 26
13 41
37 95
22 50
23 65
18 62
13 6
34 69
50 147
48 117
7 19
15 46
46 88
34 66
26 46
26 27
38 76
7 10
20 26
5 5
26 51
25 53
36 46
9 1
27 91
30 44
50 127
35 88
38 100
27 58
16 21
10 4
14 4
39 86
37 120
49 127
29 59
9 35
46 87
48 72
40 82
22 42
17 27
26 74
14 43
41 114
35 91
10 25
8 20
49 95
50 84
9 8
25 35
42 70
8 8
42 49
26 32
18 29
34 112
9 21
26 69
29 74
46 96
45 108
36 89
31 56
21 55
5 18
46 113
46 101
18 36
6 29
12 11
37 98
43 90
43 80
13 6
21 52
29 68
29 36
16 30
20 44
35 66
9 14
46 59
49 143
21 54
27 68
15 22
49 119
37 109
25 83
48 134
40 51
33 91
18 27
47 124
27 77
44 112
26 93
47 123
49 84
33 57
15 24
19 59
33 34
23 66
30 34
18 25
44 86
5 1
42 57
9 17
48 94
18 26
48 112
13 52
44 82
40 112
11 21
40 49
6 1
42 90
40 86
37 74
42 86
5 17
26 81
48 93
5 29
48 139
16 31
21 67
33 85
14 59
32 41
37 107
23 45
29 64
5 28
7 12
41 84
40 96
9 5
36 78
23 33
22 40
11 41
24 36
46 118
49 153
5 14
36 105
41 96
35 90
50 112
13 17
45 90
39 90
29 91
36 98
6 1
32 90
12 20
5 9
6 23
39 80
33 112
47 120
19 58
12 21
19 36
47 125
10 1
9 13
31 80
47 93
27 77
39 70
30 95
31 81
29 71
34 100
33 73
38 111
44 97
18 39
20 25
13 49
33 91
16 25
25 44
48 97
8 1
24 63
34 93
12 11
40 61
26 50
43 129
11 42
47 93
19 63
18 22
38 43
9 33
27 78
17 34
22 58
41 122
49 113
17 28
48 141
28 47
20 36
42 132
50 126
42 100
19 46
20 32
19 49
8 37
44 120
35 109
13 25
9 23
6 11
45 104
29 50
40 94
24 77
47 74
19 52
24 33
14 9
18 48
27 88
40 103
46 82
29 56
15 25
24 75
13 37
6 1
35 99
47 145
45 93
7 23
47 99
39 94
5 6
7 36
28 86
23 74
36 42
17 38
18 55
12 27
50 118
41 92
27 68
37 76
23 56
7 1
27 28
33 86
34 45
31 41
15 52
33 84
50 134
38 52
47 63
49 98
13 27
47 104
37 79
21 46
25 78
31 56
36 60
18 47
9 35
13 49
45 135
31 79
22 70
5 11
16 53
45 70
13 32
9 40
31 86
29 88
35 115
19 36
40 73
32 74
9 11
9 17
37 104
34 114
34 57
45 134
38 101
38 96
7 25
23 79
27 60
18 32
16 17
13 23
12 19
31 82
30 52
36 64
16 20
21 30
46 124
9 9
29 73
13 24
37 86
38 56
14 25
40 106
12 35
17 62
34 77
42 101
47 117
17 22
22 24
48 100
14 19
44 120
20 33
11 31
49 91
9 32
42 108
27 36
30 51
14 12
41 91
26 62
6 28
14 26
9 25
8 27
13 31
50 111
38 52
26 58
31 85
43 103
50 94
6 17
31 51
39 89
27 66
26 50
20 37
10 4
43 99
23 42
26 38
45 86
50 143
34 95
42 99
26 47
15 31
8 7
41 115
46 129
50 113
11 49
42 57
25 55
6 9
23 65
15 14
40 58
44 100
14 11
48 66
35 71
42 87
27 89
19 45
34 88
27 73
29 64
27 97
29 78
30 45
10 19
30 55
48 91
6 1
40 95
15 24
42 57
26 75
7 22
19 29
50 68
19 21
35 51
35 64
32 88
49 104
13 47
45 56
23 70
39 77
30 108
21 42
9 24
48 90
33 50
39 87
49 93
36 74
35 71
16 28
8 33
6 4
7 13
7 1
42 82
48 132
40 97
49 104
39 75
39 114
50 104
38 81
9 28
34 74
40 77
33 41
26 72
35 99
46 67
7 1
18 27
12 10
10 1
8 17
46 106
44 101
35 71
18 25
29 62
37 64
8 17
8 6
14 39
40 80
25 67
21 77
31 77
31 75
5 9
41 75
17 59
43 116
28 63
17 56
41 98
22 45
41 106
39 86
48 99
10 7
27 43
12 3
21 45
35 58
40 82
22 49
49 107
32 94
35 86
41 84
26 65
49 95
20 35
27 65
35 111
27 50
44 75
13 31
39 81
50 127
12 35
35 80
33 112
17 30
15 50
33 66
17 36
14 36
16 59
13 30
16 41
27 78
49 131
8 42
11 21
43 114
9 28
41 62
35 102
43 74
47 138
11 7
22 39
11 3
6 1
12 23
27 57
38 111
15 26
23 62
6 20
8 19
22 27
38 81
29 87
49 110
11 40
49 119
44 108
44 96
27 64
17 37
39 64
48 96
41 89
29 63
45 125
49 103
21 43
21 46
37 63
7 18
31 66
17 42
38 76
46 156
24 73
6 6
44 112
32 84
15 32
38 66
21 45
31 48
41 97
94 203
22 111
96 169
69 170
87 154
34 108
79 176
88 168
82 180
127 248
36 130
119 295
45 100
64 293
90 207
117 244
75 133
106 215
51 114
41 117
38 124
109 287
57 270
65 112
54 190
73 149
42 166
84 234
69 221
99 294
106 191
32 143
50 253
72 268
50 167
53 177
114 204
115 222
97 170
107 262
171 285
98 212
91 175
41 191
136 239
31 103
47 134
70 168
66 141
97 181
