1000 50
0.145763 93.0
0.149153 108.0
0.027119 38.0
0.057627 56.0
0.125424 39.0
0.105085 58.0
0.169492 116.0
0.159322 109.0
0.050847 17.0
0.081356 43.0
0.101695 53.0
0.155932 71.0
0.142373 52.0
0.122034 90.0
0.115254 49.0
0.094915 88.0
0.074576 55.0
0.159322 108.0
0.037288 12.0
0.044068 43.0
0.020339 9.0
0.074576 52.0
0.169492 93.0
0.101695 66.0
0.084746 44.0
0.169492 136.0
0.152542 68.0
0.159322 83.0
0.037288 39.0
0.138983 95.0
0.105085 82.0
0.145763 50.0
0.111864 106.0
0.094915 86.0
0.101695 91.0
0.094915 71.0
0.088136 56.0
0.159322 128.0
0.166102 100.0
0.057627 56.0
0.044068 20.0
0.091525 65.0
0.122034 84.0
0.152542 139.0
0.077966 47.0
0.098305 47.0
0.064407 43.0
0.023729 15.0
0.050847 24.0
0.122034 99.0
0.064407 62.0
0.155932 113.0
0.057627 46.0
0.061017 29.0
0.077966 50.0
0.044068 31.0
0.145763 68.0
0.132203 75.0
0.071186 46.0
0.084746 60.0
0.030508 38.0
0.033898 36.0
0.064407 46.0
0.111864 73.0
0.115254 61.0
0.135593 87.0
0.074576 30.0
0.023729 36.0
0.027119 31.0
0.152542 93.0
0.027119 1.0
0.098305 56.0
0.040678 33.0
0.016949 18.0
0.094915 74.0
0.088136 55.0
0.084746 46.0
0.088136 62.0
0.166102 60.0
0.115254 108.0
0.067797 24.0
0.122034 77.0
0.108475 63.0
0.061017 27.0
0.166102 116.0
0.169492 134.0
0.084746 47.0
0.128814 113.0
0.142373 95.0
0.091525 80.0
0.128814 84.0
0.138983 110.0
0.166102 113.0
0.020339 1.0
0.057627 32.0
0.054237 49.0
0.128814 77.0
0.145763 46.0
0.098305 67.0
0.122034 90.0
0.166102 74.0
0.084746 65.0
0.030508 12.0
0.149153 75.0
0.020339 32.0
0.040678 18.0
0.094915 37.0
0.135593 74.0
0.057627 55.0
0.027119 37.0
0.030508 20.0
0.118644 100.0
0.125424 39.0
0.084746 20.0
0.111864 96.0
0.020339 24.0
0.061017 33.0
0.142373 89.0
0.169492 69.0
0.061017 26.0
0.155932 65.0
0.037288 26.0
0.132203 97.0
0.162712 135.0
0.166102 110.0
0.142373 117.0
0.105085 87.0
0.105085 50.0
0.162712 108.0
0.054237 27.0
0.108475 105.0
0.169492 95.0
0.149153 65.0
0.101695 62.0
0.132203 108.0
0.027119 14.0
0.044068 10.0
0.094915 65.0
0.111864 70.0
0.071186 47.0
0.050847 22.0
0.152542 90.0
0.084746 67.0
0.094915 63.0
0.155932 77.0
0.162712 98.0
0.061017 11.0
0.094915 66.0
0.132203 83.0
0.054237 43.0
0.111864 89.0
0.135593 103.0
0.047458 27.0
0.088136 72.0
0.047458 13.0
0.122034 76.0
0.138983 71.0
0.044068 45.0
0.064407 19.0
0.166102 93.0
0.067797 25.0
0.040678 22.0
0.057627 46.0
0.162712 138.0
0.040678 34.0
0.054237 40.0
0.054237 40.0
0.064407 45.0
0.044068 33.0
0.159322 75.0
0.037288 27.0
0.138983 121.0
0.152542 87.0
0.128814 80.0
0.115254 90.0
0.061017 27.0
0.040678 27.0
0.155932 103.0
0.057627 46.0
0.061017 57.0
0.111864 84.0
0.040678 1.0
0.027119 5.0
0.122034 60.0
0.074576 58.0
0.064407 34.0
0.067797 58.0
0.108475 80.0
0.162712 98.0
0.074576 50.0
0.091525 64.0
0.128814 80.0
0.118644 92.0
0.071186 46.0
0.064407 60.0
0.152542 117.0
0.105085 62.0
0.084746 43.0
0.166102 79.0
0.105085 50.0
0.128814 66.0
0.142373 100.0
0.027119 9.0
0.138983 113.0
0.122034 79.0
0.135593 128.0
0.149153 104.0
0.037288 14.0
0.128814 69.0
0.033898 17.0
0.081356 38.0
0.125424 83.0
0.108475 111.0
0.047458 49.0
0.138983 75.0
0.128814 74.0
0.088136 77.0
0.027119 35.0
0.101695 57.0
0.047458 41.0
0.091525 72.0
0.077966 60.0
0.071186 28.0
0.057627 32.0
0.115254 72.0
0.040678 11.0
0.061017 46.0
0.142373 100.0
0.118644 89.0
0.020339 22.0
0.135593 103.0
0.125424 73.0
0.071186 24.0
0.105085 43.0
0.098305 50.0
0.149153 122.0
0.030508 34.0
0.105085 66.0
0.128814 95.0
0.061017 46.0
0.138983 59.0
0.047458 35.0
0.016949 13.0
0.159322 77.0
0.098305 58.0
0.145763 111.0
0.023729 16.0
0.155932 84.0
0.108475 63.0
0.088136 44.0
0.084746 68.0
0.115254 77.0
0.084746 69.0
0.169492 83.0
0.098305 31.0
0.169492 96.0
0.064407 33.0
0.162712 118.0
0.155932 142.0
0.061017 47.0
0.084746 52.0
0.166102 158.0
0.162712 93.0
0.084746 61.0
0.132203 85.0
0.132203 86.0
0.115254 80.0
0.128814 100.0
0.098305 46.0
0.125424 85.0
0.145763 96.0
0.128814 120.0
0.023729 29.0
0.023729 19.0
0.047458 42.0
0.152542 120.0
0.138983 59.0
0.088136 53.0
0.057627 28.0
0.027119 8.0
0.050847 42.0
0.169492 128.0
0.040678 17.0
0.159322 79.0
0.040678 30.0
0.128814 95.0
0.169492 64.0
0.101695 79.0
0.067797 77.0
0.098305 73.0
0.064407 60.0
0.101695 79.0
0.142373 78.0
0.159322 108.0
0.135593 113.0
0.061017 59.0
0.047458 13.0
0.111864 91.0
0.084746 31.0
0.030508 27.0
0.044068 37.0
0.071186 43.0
0.081356 36.0
0.037288 33.0
0.084746 29.0
0.132203 110.0
0.094915 77.0
0.149153 78.0
0.138983 97.0
0.169492 107.0
0.122034 68.0
0.122034 86.0
0.142373 77.0
0.098305 79.0
0.040678 29.0
0.159322 136.0
0.101695 96.0
0.077966 66.0
0.152542 124.0
0.132203 77.0
0.030508 17.0
0.162712 108.0
0.050847 19.0
0.149153 64.0
0.037288 37.0
0.149153 87.0
0.162712 113.0
0.094915 57.0
0.067797 38.0
0.054237 51.0
0.016949 1.0
0.030508 26.0
0.122034 89.0
0.084746 19.0
0.159322 101.0
0.061017 49.0
0.149153 95.0
0.138983 54.0
0.047458 23.0
0.138983 85.0
0.118644 89.0
0.115254 41.0
0.115254 103.0
0.088136 72.0
0.088136 29.0
0.020339 11.0
0.105085 52.0
0.027119 10.0
0.149153 117.0
0.138983 128.0
0.016949 22.0
0.098305 97.0
0.074576 39.0
0.115254 72.0
0.057627 34.0
0.132203 114.0
0.122034 80.0
0.081356 57.0
0.067797 25.0
0.016949 4.0
0.077966 44.0
0.094915 42.0
0.020339 20.0
0.091525 57.0
0.057627 23.0
0.115254 67.0
0.081356 41.0
0.030508 30.0
0.081356 55.0
0.040678 24.0
0.071186 35.0
0.155932 85.0
0.023729 23.0
0.064407 41.0
0.128814 87.0
0.081356 25.0
0.135593 70.0
0.159322 113.0
0.027119 22.0
0.125424 63.0
0.142373 117.0
0.057627 53.0
0.166102 138.0
0.155932 102.0
0.142373 99.0
0.037288 29.0
0.138983 91.0
0.149153 104.0
0.118644 60.0
0.111864 101.0
0.169492 134.0
0.135593 89.0
0.155932 135.0
0.047458 46.0
0.027119 21.0
0.111864 67.0
0.159322 142.0
0.023729 16.0
0.159322 68.0
0.064407 32.0
0.064407 52.0
0.057627 44.0
0.105085 92.0
0.061017 51.0
0.047458 41.0
0.061017 27.0
0.091525 78.0
0.098305 63.0
0.033898 39.0
0.111864 63.0
0.105085 68.0
0.037288 28.0
0.094915 93.0
0.050847 57.0
0.084746 56.0
0.159322 76.0
0.088136 33.0
0.071186 70.0
0.098305 76.0
0.027119 21.0
0.108475 60.0
0.084746 62.0
0.118644 96.0
0.155932 125.0
0.142373 82.0
0.030508 32.0
0.132203 63.0
0.016949 1.0
0.169492 81.0
0.128814 45.0
0.071186 16.0
0.108475 73.0
0.088136 46.0
0.047458 51.0
0.091525 41.0
0.040678 1.0
0.145763 79.0
0.111864 101.0
0.040678 26.0
0.044068 41.0
0.125424 95.0
0.074576 50.0
0.077966 65.0
0.061017 62.0
0.044068 6.0
0.115254 69.0
0.169492 147.0
0.162712 117.0
0.023729 19.0
0.050847 46.0
0.155932 88.0
0.115254 66.0
0.088136 46.0
0.088136 27.0
0.128814 76.0
0.023729 10.0
0.067797 26.0
0.016949 5.0
0.088136 51.0
0.084746 53.0
0.122034 46.0
0.030508 1.0
0.091525 91.0
0.101695 44.0
0.169492 127.0
0.118644 88.0
0.128814 100.0
0.091525 58.0
0.054237 21.0
0.033898 4.0
0.047458 4.0
0.132203 86.0
0.125424 120.0
0.166102 127.0
0.098305 59.0
0.030508 35.0
0.155932 87.0
0.162712 72.0
0.135593 82.0
0.074576 42.0
0.057627 27.0
0.088136 74.0
0.047458 43.0
0.138983 114.0
0.118644 91.0
0.033898 25.0
0.027119 20.0
0.166102 95.0
0.169492 84.0
0.030508 8.0
0.084746 35.0
0.142373 70.0
0.027119 8.0
0.142373 49.0
0.088136 32.0
0.061017 29.0
0.115254 112.0
0.030508 21.0
0.088136 69.0
0.098305 74.0
0.155932 96.0
0.152542 108.0
0.122034 89.0
0.105085 56.0
0.071186 55.0
0.016949 18.0
0.155932 113.0
0.155932 101.0
0.061017 36.0
0.020339 29.0
0.040678 11.0
0.125424 98.0
0.145763 90.0
0.145763 80.0
0.044068 6.0
0.071186 52.0
0.098305 68.0
0.098305 36.0
0.054237 30.0
0.067797 44.0
0.118644 66.0
0.030508 14.0
0.155932 59.0
0.166102 143.0
0.071186 54.0
0.091525 68.0
0.050847 22.0
0.166102 119.0
0.125424 109.0
0.084746 83.0
0.162712 134.0
0.135593 51.0
0.111864 91.0
0.061017 27.0
0.159322 124.0
0.091525 77.0
0.149153 112.0
0.088136 93.0
0.159322 123.0
0.166102 84.0
0.111864 57.0
0.050847 24.0
0.064407 59.0
0.111864 34.0
0.077966 66.0
0.101695 34.0
0.061017 25.0
0.149153 86.0
0.016949 1.0
0.142373 57.0
0.030508 17.0
0.162712 94.0
0.061017 26.0
0.162712 112.0
0.044068 52.0
0.149153 82.0
0.135593 112.0
0.037288 21.0
0.135593 49.0
0.020339 1.0
0.142373 90.0
0.135593 86.0
0.125424 74.0
0.142373 86.0
0.016949 17.0
0.088136 81.0
0.162712 93.0
0.016949 29.0
0.162712 139.0
0.054237 31.0
0.071186 67.0
0.111864 85.0
0.047458 59.0
0.108475 41.0
0.125424 107.0
0.077966 45.0
0.098305 64.0
0.016949 28.0
0.023729 12.0
0.138983 84.0
0.135593 96.0
0.030508 5.0
0.122034 78.0
0.077966 33.0
0.074576 40.0
0.037288 41.0
0.081356 36.0
0.155932 118.0
0.166102 153.0
0.016949 14.0
0.122034 105.0
0.138983 96.0
0.118644 90.0
0.169492 112.0
0.044068 17.0
0.152542 90.0
0.132203 90.0
0.098305 91.0
0.122034 98.0
0.020339 1.0
0.108475 90.0
0.040678 20.0
0.016949 9.0
0.020339 23.0
0.132203 80.0
0.111864 112.0
0.159322 120.0
0.064407 58.0
0.040678 21.0
0.064407 36.0
0.159322 125.0
0.033898 1.0
0.030508 13.0
0.105085 80.0
0.159322 93.0
0.091525 77.0
0.132203 70.0
0.101695 95.0
0.105085 81.0
0.098305 71.0
0.115254 100.0
0.111864 73.0
0.128814 111.0
0.149153 97.0
0.061017 39.0
0.067797 25.0
0.044068 49.0
0.111864 91.0
0.054237 25.0
0.084746 44.0
0.162712 97.0
0.027119 1.0
0.081356 63.0
0.115254 93.0
0.040678 11.0
0.135593 61.0
0.088136 50.0
0.145763 129.0
0.037288 42.0
0.159322 93.0
0.064407 63.0
0.061017 22.0
0.128814 43.0
0.030508 33.0
0.091525 78.0
0.057627 34.0
0.074576 58.0
0.138983 122.0
0.166102 113.0
0.057627 28.0
0.162712 141.0
0.094915 47.0
0.067797 36.0
0.142373 132.0
0.169492 126.0
0.142373 100.0
0.064407 46.0
0.067797 32.0
0.064407 49.0
0.027119 37.0
0.149153 120.0
0.118644 109.0
0.044068 25.0
0.030508 23.0
0.020339 11.0
0.152542 104.0
0.098305 50.0
0.135593 94.0
0.081356 77.0
0.159322 74.0
0.064407 52.0
0.081356 33.0
0.047458 9.0
0.061017 48.0
0.091525 88.0
0.135593 103.0
0.155932 82.0
0.098305 56.0
0.050847 25.0
0.081356 75.0
0.044068 37.0
0.020339 1.0
0.118644 99.0
0.159322 145.0
0.152542 93.0
0.023729 23.0
0.159322 99.0
0.132203 94.0
0.016949 6.0
0.023729 36.0
0.094915 86.0
0.077966 74.0
0.122034 42.0
0.057627 38.0
0.061017 55.0
0.040678 27.0
0.169492 118.0
0.138983 92.0
0.091525 68.0
0.125424 76.0
0.077966 56.0
0.023729 1.0
0.091525 28.0
0.111864 86.0
0.115254 45.0
0.105085 41.0
0.050847 52.0
0.111864 84.0
0.169492 134.0
0.128814 52.0
0.159322 63.0
0.166102 98.0
0.044068 27.0
0.159322 104.0
0.125424 79.0
0.071186 46.0
0.084746 78.0
0.105085 56.0
0.122034 60.0
0.061017 47.0
0.030508 35.0
0.044068 49.0
0.152542 135.0
0.105085 79.0
0.074576 70.0
0.016949 11.0
0.054237 53.0
0.152542 70.0
0.044068 32.0
0.030508 40.0
0.105085 86.0
0.098305 88.0
0.118644 115.0
0.064407 36.0
0.135593 73.0
0.108475 74.0
0.030508 11.0
0.030508 17.0
0.125424 104.0
0.115254 114.0
0.115254 57.0
0.152542 134.0
0.128814 101.0
0.128814 96.0
0.023729 25.0
0.077966 79.0
0.091525 60.0
0.061017 32.0
0.054237 17.0
0.044068 23.0
0.040678 19.0
0.105085 82.0
0.101695 52.0
0.122034 64.0
0.054237 20.0
0.071186 30.0
0.155932 124.0
0.030508 9.0
0.098305 73.0
0.044068 24.0
0.125424 86.0
0.128814 56.0
0.047458 25.0
0.135593 106.0
0.040678 35.0
0.057627 62.0
0.115254 77.0
0.142373 101.0
0.159322 117.0
0.057627 22.0
0.074576 24.0
0.162712 100.0
0.047458 19.0
0.149153 120.0
0.067797 33.0
0.037288 31.0
0.166102 91.0
0.030508 32.0
0.142373 108.0
0.091525 36.0
0.101695 51.0
0.047458 12.0
0.138983 91.0
0.088136 62.0
0.020339 28.0
0.047458 26.0
0.030508 25.0
0.027119 27.0
0.044068 31.0
0.169492 111.0
0.128814 52.0
0.088136 58.0
0.105085 85.0
0.145763 103.0
0.169492 94.0
0.020339 17.0
0.105085 51.0
0.132203 89.0
0.091525 66.0
0.088136 50.0
0.067797 37.0
0.033898 4.0
0.145763 99.0
0.077966 42.0
0.088136 38.0
0.152542 86.0
0.169492 143.0
0.115254 95.0
0.142373 99.0
0.088136 47.0
0.050847 31.0
0.027119 7.0
0.138983 115.0
0.155932 129.0
0.169492 113.0
0.037288 49.0
0.142373 57.0
0.084746 55.0
0.020339 9.0
0.077966 65.0
0.050847 14.0
0.135593 58.0
0.149153 100.0
0.047458 11.0
0.162712 66.0
0.118644 71.0
0.142373 87.0
0.091525 89.0
0.064407 45.0
0.115254 88.0
0.091525 73.0
0.098305 64.0
0.091525 97.0
0.098305 78.0
0.101695 45.0
0.033898 19.0
0.101695 55.0
0.162712 91.0
0.020339 1.0
0.135593 95.0
0.050847 24.0
0.142373 57.0
0.088136 75.0
0.023729 22.0
0.064407 29.0
0.169492 68.0
0.064407 21.0
0.118644 51.0
0.118644 64.0
0.108475 88.0
0.166102 104.0
0.044068 47.0
0.152542 56.0
0.077966 70.0
0.132203 77.0
0.101695 108.0
0.071186 42.0
0.030508 24.0
0.162712 90.0
0.111864 50.0
0.132203 87.0
0.166102 93.0
0.122034 74.0
0.118644 71.0
0.054237 28.0
0.027119 33.0
0.020339 4.0
0.023729 13.0
0.023729 1.0
0.142373 82.0
0.162712 132.0
0.135593 97.0
0.166102 104.0
0.132203 75.0
0.132203 114.0
0.169492 104.0
0.128814 81.0
0.030508 28.0
0.115254 74.0
0.135593 77.0
0.111864 41.0
0.088136 72.0
0.118644 99.0
0.155932 67.0
0.023729 1.0
0.061017 27.0
0.040678 10.0
0.033898 1.0
0.027119 17.0
0.155932 106.0
0.149153 101.0
0.118644 71.0
0.061017 25.0
0.098305 62.0
0.125424 64.0
0.027119 17.0
0.027119 6.0
0.047458 39.0
0.135593 80.0
0.084746 67.0
0.071186 77.0
0.105085 77.0
0.105085 75.0
0.016949 9.0
0.138983 75.0
0.057627 59.0
0.145763 116.0
0.094915 63.0
0.057627 56.0
0.138983 98.0
0.074576 45.0
0.138983 106.0
0.132203 86.0
0.162712 99.0
0.033898 7.0
0.091525 43.0
0.040678 3.0
0.071186 45.0
0.118644 58.0
0.135593 82.0
0.074576 49.0
0.166102 107.0
0.108475 94.0
0.118644 86.0
0.138983 84.0
0.088136 65.0
0.166102 95.0
0.067797 35.0
0.091525 65.0
0.118644 111.0
0.091525 50.0
0.149153 75.0
0.044068 31.0
0.132203 81.0
0.169492 127.0
0.040678 35.0
0.118644 80.0
0.111864 112.0
0.057627 30.0
0.050847 50.0
0.111864 66.0
0.057627 36.0
0.047458 36.0
0.054237 59.0
0.044068 30.0
0.054237 41.0
0.091525 78.0
0.166102 131.0
0.027119 42.0
0.037288 21.0
0.145763 114.0
0.030508 28.0
0.138983 62.0
0.118644 102.0
0.145763 74.0
0.159322 138.0
0.037288 7.0
0.074576 39.0
0.037288 3.0
0.020339 1.0
0.040678 23.0
0.091525 57.0
0.128814 111.0
0.050847 26.0
0.077966 62.0
0.020339 20.0
0.027119 19.0
0.074576 27.0
0.128814 81.0
0.098305 87.0
0.166102 110.0
0.037288 40.0
0.166102 119.0
0.149153 108.0
0.149153 96.0
0.091525 64.0
0.057627 37.0
0.132203 64.0
0.162712 96.0
0.138983 89.0
0.098305 63.0
0.152542 125.0
0.166102 103.0
0.071186 43.0
0.071186 46.0
0.125424 63.0
0.023729 18.0
0.105085 66.0
0.057627 42.0
0.128814 76.0
0.155932 156.0
0.081356 73.0
0.020339 6.0
0.149153 112.0
0.108475 84.0
0.050847 32.0
0.128814 66.0
0.071186 45.0
0.105085 48.0
0.138983 97.0
0.318644 0.688136
0.074576 0.376271
0.325424 0.572881
0.233898 0.576271
0.294915 0.522034
0.115254 0.366102
0.267797 0.596610
0.298305 0.569492
0.277966 0.610169
0.430508 0.840678
0.122034 0.440678
0.403390 1.000000
0.152542 0.338983
0.216949 0.993220
0.305085 0.701695
0.396610 0.827119
0.254237 0.450847
0.359322 0.728814
0.172881 0.386441
0.138983 0.396610
0.128814 0.420339
0.369492 0.972881
0.193220 0.915254
0.220339 0.379661
0.183051 0.644068
0.247458 0.505085
0.142373 0.562712
0.284746 0.793220
0.233898 0.749153
0.335593 0.996610
0.359322 0.647458
0.108475 0.484746
0.169492 0.857627
0.244068 0.908475
0.169492 0.566102
0.179661 0.600000
0.386441 0.691525
0.389831 0.752542
0.328814 0.576271
0.362712 0.888136
0.579661 0.966102
0.332203 0.718644
0.308475 0.593220
0.138983 0.647458
0.461017 0.810169
0.105085 0.349153
0.159322 0.454237
0.237288 0.569492
0.223729 0.477966
0.328814 0.613559
